%YAML:1.0
---
calibration_time: "Sun 07 Mar 2021 12:00:14"
image_width: 640
image_height: 480
board_width: 9
board_height: 6
square_size: 1.
flags: 0
camera_matrix: !!opencv-matrix
   rows: 3
   cols: 3
   dt: d
   data: [ 1.1970186193185708e+00, 0., -9.0708101926506757e+01, 0.,
       9.8962061669488832e-01, -1.3938794373820909e+02, 0., 0., 1. ]
distortion_coefficients: !!opencv-matrix
   rows: 5
   cols: 1
   dt: d
   data: [ 4.7499455282980884e-07, -4.3614505424625422e-14,
       -2.0259815082028317e-04, -2.1173276185027822e-04, 0. ]
avg_reprojection_error: 1.2042029424051865e+00
