<?xml version="1.0"?>
<opencv_storage>
<calibration_time>"Mon 08 Mar 2021 17:17:47"</calibration_time>
<nr_of_frames>25</nr_of_frames>
<image_width>1920</image_width>
<image_height>1440</image_height>
<board_width>9</board_width>
<board_height>6</board_height>
<square_size>50.</square_size>
<!-- flags: +fix_skew +fix_k1 +fix_k2 +fix_k3 +fix_k4 +recompute_extrinsic -->
<flags>250</flags>
<fisheye_model>1</fisheye_model>
<camera_matrix type_id="opencv-matrix">
  <rows>3</rows>
  <cols>3</cols>
  <dt>d</dt>
  <data>
    9.4299885730015899e+02 0. 9.6727534593792564e+02 0.
    9.4255396650036039e+02 7.1109389785794235e+02 0. 0. 1.</data></camera_matrix>
<distortion_coefficients type_id="opencv-matrix">
  <rows>4</rows>
  <cols>1</cols>
  <dt>d</dt>
  <data>
    0. 0. 0. 0.</data></distortion_coefficients>
<avg_reprojection_error>4.8265620306053419e-01</avg_reprojection_error>
<per_view_reprojection_errors type_id="opencv-matrix">
  <rows>25</rows>
  <cols>1</cols>
  <dt>f</dt>
  <data>
    4.03515071e-01 4.25413072e-01 3.80367309e-01 4.07920450e-01
    3.91739428e-01 4.20955092e-01 4.07081127e-01 4.48383629e-01
    4.14303303e-01 3.81742030e-01 4.30310696e-01 3.76220375e-01
    3.85813177e-01 4.22698647e-01 4.32199478e-01 4.39724773e-01
    4.30559725e-01 4.20166671e-01 4.72455889e-01 5.74695468e-01
    6.03648186e-01 5.39049983e-01 5.99476576e-01 7.20849395e-01
    8.18830609e-01</data></per_view_reprojection_errors>
<!-- a set of 6-tuples (rotation vector + translation vector) for each view -->
<extrinsic_parameters type_id="opencv-matrix">
  <rows>25</rows>
  <cols>6</cols>
  <dt>d</dt>
  <data>
    -9.5175819261510308e-02 -4.3124065992068521e-03
    -3.0763982714251270e+00 1.9232910633620682e+02
    1.2901836414888658e+02 1.8567982413782894e+02
    -9.7768683038097312e-02 -3.2220377920044022e-03
    -3.0771036991089522e+00 1.9253753111747406e+02
    1.2863652865060217e+02 1.8547448161190047e+02
    -9.9939451155481543e-02 -2.5064150625590696e-03
    -3.0771932853416692e+00 1.9264195942349011e+02
    1.2843960316916554e+02 1.8528409292138116e+02
    -1.0032074768182241e-01 -2.7038503546742434e-03
    -3.0777842192236742e+00 1.9270427456917955e+02
    1.2823434746744820e+02 1.8526090381870517e+02
    -1.0006108945929053e-01 -1.9099307775212527e-03
    -3.0785173497659843e+00 1.9269455795196146e+02
    1.2794863529437578e+02 1.8540746570006627e+02
    -1.0077705303306039e-01 -9.3430441176348491e-04
    -3.0785579430039478e+00 1.9275036358194589e+02
    1.2775277769313857e+02 1.8544418354048059e+02
    -1.0206308166544562e-01 -4.1397527477845462e-04
    -3.0783951062982751e+00 1.9289409933179704e+02
    1.2765405537464986e+02 1.8538867922388962e+02
    -1.0398095746085481e-01 -5.0937404881449481e-04
    -3.0783159990993458e+00 1.9318397965911277e+02
    1.2753689412367022e+02 1.8519270386895383e+02
    -1.0598790375637879e-01 -4.4584520636308916e-04
    -3.0784843349128463e+00 1.9347288466030008e+02
    1.2739545814247873e+02 1.8501473986582798e+02
    -1.0626420947510835e-01 -3.3166832824494069e-04
    -3.0791911645126291e+00 1.9366331125739805e+02
    1.2715280506233364e+02 1.8499604426341438e+02
    -1.0457230874602953e-01 -6.8938110285202017e-04
    -3.0802946502009219e+00 1.9365877921682531e+02
    1.2697619979376894e+02 1.8515129998377006e+02
    -1.0329823242279756e-01 -5.7589039534474036e-04
    -3.0806577972790152e+00 1.9359856235995892e+02
    1.2700530982116382e+02 1.8538329033657502e+02
    -1.0304327708782536e-01 -4.9231778730496464e-04
    -3.0804311794531052e+00 1.9364280464076765e+02
    1.2698175455544336e+02 1.8548620847130891e+02
    -1.0367571909317728e-01 9.5399388633553628e-05
    -3.0802428172005190e+00 1.9380045860416729e+02
    1.2690418286794313e+02 1.8549283073240065e+02
    -1.0534445910780411e-01 1.5022243366173680e-04
    -3.0800043753814150e+00 1.9403476021763205e+02
    1.2683614802289740e+02 1.8528837021877396e+02
    -1.0754622227965334e-01 1.0511806735734315e-04
    -3.0799879355245161e+00 1.9437219300518001e+02
    1.2682904209832132e+02 1.8501664543101717e+02
    -1.1025256730061481e-01 1.1858583905685026e-04
    -3.0803060913977340e+00 1.9474630651990489e+02
    1.2681823162874453e+02 1.8473492476948101e+02
    -1.1230476793072561e-01 2.9432953424810628e-04
    -3.0807501159440154e+00 1.9505999713087436e+02
    1.2678523088917744e+02 1.8449604247704198e+02
    -1.1442180965017396e-01 2.2864479201589513e-04
    -3.0810372648187783e+00 1.9532841118448871e+02
    1.2679711121923751e+02 1.8425003758468108e+02
    -1.1790608058995519e-01 -7.4195886045137167e-05
    -3.0813319327548951e+00 1.9576904816083029e+02
    1.2687153617896119e+02 1.8383039171343884e+02
    -1.2293905051593416e-01 -7.6619316411566038e-04
    -3.0819243920397925e+00 1.9643431611843803e+02
    1.2695593197011712e+02 1.8322842983665325e+02
    -1.2798534477547424e-01 -1.5716234380858981e-03
    -3.0823386512734525e+00 1.9702754014324171e+02
    1.2706257667588794e+02 1.8263889108865203e+02
    -1.3210447035623937e-01 -1.7116800981471780e-03
    -3.0828456174384855e+00 1.9758006591669692e+02
    1.2712257903706806e+02 1.8219114435796831e+02
    -1.3794689159783877e-01 -2.3114677211356666e-03
    -3.0831388273266054e+00 1.9826338192934386e+02
    1.2721776026700914e+02 1.8150493844997624e+02
    -1.4518678753162556e-01 -2.6377108266344984e-03
    -3.0829431435570367e+00 1.9901040258393269e+02
    1.2742460544860018e+02 1.8069824386722286e+02</data></extrinsic_parameters>
